 T :    343.150000000000      K
 Pi :   6.670000000000000E-003 KPa
 Pf :   6.670000000000000E-003 KPa
 Ze(1) :   0.157200000000000     
     Pressao(KPa)                ATIVP(1)
